0.33367067461230715
0.33802522517030426
0.3475146672699337
0.3557905132743368
0.36414637935247224
0.37256519567246404
0.3811199515725028
0.38858100518102995
0.3957487347492561
0.40264061513982297
0.41060027505321317
0.41792141450711195
0.4252124798502632
0.4321067497967316
0.43919279625711577
0.446000745463022
0.45264333739266865
0.4584307689167795
0.46461855702246574
0.4708912605142705
0.4762328103493541
0.48161882437148823
0.4875116076722002
0.4928552226545555
0.49793814490289234
0.5028165420345354
0.5076597459723245
0.511644129135058
0.5157553012222202
0.5196342704675052
