0.4180336810459249
0.466266275920234
0.5030925946714218
0.5316301780219138
0.5530643992269983
0.5695332774516954
0.5842446953720652
0.5975753227070012
0.6060277859191094
0.6114362641030224
0.6171674331126895
0.6215306603249224
0.6251022451498489
0.6291403252776518
0.6322652002477626
0.6354235715368667
0.6379755756340568
0.6399053093063315
0.6415637763019935
0.6437032239451471
0.6451994862547139
0.6458876182307831
0.6465912372157032
0.6474105377164374
0.6481784165574871
0.6490862621836417
0.6496887143554573
0.6502045631936261
0.6509067989867175
0.6511554565066201
