0.31058794446610144
0.309300884700032
0.30849159016674943
0.3100547441816584
0.31175908507236416
0.31497111941053263
0.31703578525383563
0.3197968753145194
0.3225352660278195
0.32540030174168016
0.32847599148889456
0.33135269242921056
0.3346998540178316
0.3383300261146158
0.34095695834157075
0.34397959043666426
0.3461196214702154
0.3484839628040666
0.35127798382383163
0.35326629707617424
0.355655602230484
0.35776286097867155
0.3596048474141544
0.36139012761653244
0.3632723350100636
0.36491620504642946
0.36708383022372243
0.36901423785079374
0.3707516343403075
0.3721586537785805
