0.31157641244242135
0.30981350607999664
0.308455392459535
0.30980350714391736
0.31237030096870455
0.3144881773125563
0.31731018052780763
0.3197228151014958
0.3227046952502669
0.32553100518750605
0.32854497652692366
0.3314421620246851
0.3348562469321246
0.3380492796093452
0.34117078048269955
0.3440163814252891
0.34618964568458865
0.34880372609559934
0.35124763529874337
0.35363827426010186
0.3557156357400408
0.35770313281278676
0.36000659351658537
0.3615853909252558
0.36323654362679414
0.365259121285889
0.36703976329550614
0.3691101076436866
0.37075792033458543
0.3723659229759678
