0.34397006889513454
0.3486245022703781
0.3532795591661378
0.3647032916284422
0.3746556760324221
0.3829202633513076
0.39095094663316926
0.39894678790086663
0.40747845217878953
0.4156301885495493
0.4238887051916686
0.43261004724977997
0.4399333766423209
0.4472035244244057
0.45341054882996706
0.4600732762773638
0.4669515159914373
0.4729433134297552
0.4794026946913939
0.485228315694351
0.4908568103590424
0.49567940850212755
0.5010312031416375
0.5063739676141994
0.511485220372998
0.51684628510181
0.5216346535936796
0.5260928366032444
0.5300884376188922
0.5342502907970308
