0.3075084896558683
0.30645373821472366
0.3095344894407623
0.3166922185030002
0.3236651892037245
0.3324389007924853
0.3386135820602272
0.3452049359831805
0.3531577250072035
0.36119919637309406
0.3692670831654424
0.37685004128287064
0.38495870695312506
0.39301961740018515
0.39977308758392827
0.4067497856634366
0.4136959834056391
0.4209090254005524
0.42693722145059976
0.4337917510916192
0.44050555785263007
0.44730092619482353
0.45201923454707377
0.45682132858708047
0.4627981189881812
0.4688448065420817
0.47464394510780755
0.4799432606543257
0.4852179128479702
0.4895890983178693
