0.3385222973448974
0.3424350571728043
0.3511853862679582
0.360128968690973
0.3691508376338366
0.37733823846829506
0.38582293406195683
0.3940716170107709
0.4021357538020884
0.41007216425898896
0.4173958229609449
0.42512844516860643
0.433110548170326
0.4397580253668865
0.44711631525777734
0.454142113459118
0.4604545170761325
0.46647524761437836
0.47244252851073565
0.47858532480978816
0.48451541707694973
0.48955681592348876
0.4951492923406371
0.5004020354587081
0.506277961482645
0.5108894497091594
0.5151507359120753
0.5196151049868654
0.5240650120508331
0.5283089271081363
