0.3080553493446341
0.30642919967293203
0.30976038611109624
0.31496483615188026
0.32169365285484974
0.33013268294744785
0.33707586364580755
0.3442655690400908
0.3516560158133097
0.3594924403156756
0.3683135488099963
0.37575785710508425
0.3841952341463169
0.39180824527792785
0.3987564604585783
0.40503011234868075
0.4122410132710082
0.4190916749156229
0.4254441843231593
0.4319340696598646
0.43855614444339164
0.44507063857961293
0.451575836600399
0.4562202094976884
0.46109669136786857
0.46713781747733163
0.4724584643355997
0.4781323119517721
0.48318074493443947
0.48751402945188627
