0.31509514469477173
0.32255343618849164
0.32790037782324305
0.3357925221897785
0.3417524577115475
0.34955011000572705
0.35792273983836487
0.3640016372080469
0.3699008754810024
0.3777759309463758
0.38606873648309253
0.3935650889464124
0.4010725040054008
0.40870233146716206
0.41592898130523964
0.4225905544095915
0.42890155145272685
0.4356946328874282
0.4422984156808233
0.44718970467280644
0.45253731595670643
0.4582340577122345
0.463216868114147
0.46769333743945474
0.47190397047785215
0.4768488404691416
0.4813074067127153
0.4855775463456392
0.489835767367348
0.49388401956731937
