0.3084786661205571
0.3158748770478539
0.32601824573983323
0.3366990194661032
0.34530592048841213
0.3528108503704632
0.35864963597763005
0.3646924438394663
0.37188653370517727
0.3791766919725565
0.3863410373387857
0.39462741001324425
0.4017497743141624
0.4087158068470692
0.4153557657269508
0.42163612154538754
0.4274022633691952
0.43391866240252847
0.43960717457638926
0.44568015516875825
0.45068350697104853
0.4562026526884706
0.4609197171569862
0.4653703580089062
0.4699208499865652
0.47424999472937895
0.4782613744393812
0.482365361834928
0.48599551490878373
0.48978787304452437
