0.3293666551603022
0.33805374715989317
0.34396078613257125
0.35231664073287683
0.3600878102861322
0.3683920291326391
0.37662046695344054
0.3841067102453875
0.391499138386392
0.39853628076918257
0.40513158718329784
0.4133524383263258
0.4204821530323946
0.42741415659666354
0.43427094159176294
0.4407125903111009
0.4470495342684679
0.45294880825379197
0.4578940632011135
0.46304534780360296
0.46819566024950365
0.47257249200675805
0.4772661234757755
0.4822483353256274
0.4873277157974045
0.4922642779870098
0.4961883182231022
0.5012741338669316
0.5051707621737148
0.5091694836491646
