0.34149009597146507
0.3487214893569595
0.356394130403323
0.36547333664001896
0.3757888098460341
0.38274871187204074
0.3908929430309323
0.3989914612947201
0.4069348490949151
0.4149014614473401
0.42377009168500845
0.4312515587033701
0.43940716161154586
0.44678362427666257
0.45341640953133916
0.45946773044100997
0.4662886666909341
0.47222393885711283
0.47817937971508384
0.4839477979288072
0.48924309423522216
0.49496321796480885
0.4999663131708517
0.5046301442722542
0.5095164661151934
0.5144419256656149
0.5186639850730368
0.5230861713106406
0.5275690736132667
0.5312299896588702
