0.3399659323045793
0.35148699912002673
0.3652820710568119
0.3750931461542576
0.3866791607276003
0.39782672169136046
0.4067674886531345
0.41706785818200337
0.4269496207647901
0.43605797170890487
0.4458694647421556
0.4550648126747977
0.46427805500668456
0.47239229633022867
0.47970681851661395
0.4879115203699826
0.49497056830722813
0.501841997859181
0.5085847247454481
0.5149620806393929
0.5198957707117705
0.5252479469684752
0.5300976362587683
0.5355116543297339
0.5399346052884584
0.5442238359521251
0.548256412759108
0.5518274303192867
0.5558196518786507
0.5594224470572784
