0.347355169040505
0.36378599637323106
0.38102616698594516
0.3973062478105795
0.41150281359544366
0.4246470739449762
0.4365161272424764
0.4496729110175631
0.46262084780031265
0.4735795430612118
0.48424079960701394
0.49461547548623586
0.50469594485754
0.5135343632959806
0.5217102148189576
0.5281995711505453
0.5353553069675369
0.5420855146327399
0.5472488956288682
0.5523713000668548
0.5570806581715767
0.5614165283713669
0.566305579695933
0.5708528903692909
0.5743250178404045
0.5789504098140522
0.5824779572500745
0.5855352844051585
0.588664622656335
0.5915578265546763
