0.3165349641584532
0.32551597310656283
0.3308027556861829
0.3387361579521536
0.3476964360775591
0.3558906239728234
0.36293737447402735
0.37013440236809925
0.3775505258939289
0.3840858333621166
0.39185873992993964
0.3994853268996885
0.4067579091575279
0.41341063693004826
0.42018835420025025
0.42626874683144617
0.43289558247811394
0.4387763641033827
0.44593415326070546
0.4514403812224469
0.45687554010601195
0.46208401218723266
0.46768212061867626
0.47233836446153965
0.47721380451569756
0.4822166784812314
0.4868761333375945
0.49134768113313726
0.4953876304516587
0.49910825330809433
