0.3205425338782719
0.3231795186455124
0.33119482293399977
0.33850096184617934
0.34716348360804833
0.35561885204289656
0.3637204694165443
0.37042453402824155
0.3775474404930583
0.3849967339432212
0.3926837049364795
0.4008957369819967
0.4079542616747272
0.41510431441717166
0.4218741193585608
0.4285607356337312
0.4352350566434054
0.4416927411513568
0.44767158392873907
0.45340803046458433
0.45835691126955913
0.4638951464172957
0.46886902567655425
0.47344905031604406
0.47796756014369174
0.482675038439549
0.487058614555927
0.4910215912339696
0.49522282848001903
0.4993011689094537
