0.35614467325489124
0.3827839708164589
0.4056807571687532
0.4278939581602803
0.4479545573131547
0.46653740663344917
0.48210713408251404
0.49709072360890866
0.5097787493110114
0.5199854730738852
0.5299187423431747
0.53829733424516
0.5456543460292476
0.5534980236002653
0.5600884803667442
0.5663737534100906
0.5715607079081755
0.5758263582781158
0.5801236332199518
0.5839151603805862
0.5878286020948255
0.591151380855374
0.5942645541011357
0.5971361855288254
0.5997246464331139
0.6022798435709057
0.6046167752444894
0.6075748128492693
0.6102956493379939
0.6120737158216133
