0.28574993479460314
0.2841335288781855
0.28919278055477593
0.2941757791245447
0.30138046367442367
0.3083822780637863
0.31799310070676373
0.32744930311811077
0.3352147590735767
0.34266692425448364
0.34904910576421894
0.35685865684165197
0.3656440803095813
0.37458445178825256
0.3835528469089759
0.3914172192751722
0.39959302197873914
0.4068363005742776
0.414377936580853
0.4215784828193257
0.42911158298490276
0.4359473417159624
0.4420365562476315
0.44845388053787005
0.45415898081879696
0.46019166982436904
0.46527887258222406
0.4706098771784459
0.4759542848564737
0.4813521387314863
