0.3339977950781672
0.33598485305965864
0.3434176036023431
0.35420851550739
0.3621547492023235
0.370747443857928
0.3796371886529613
0.3875894897737846
0.39550772610891005
0.40204281374206996
0.40997600350109004
0.41766458573634435
0.4250605516458118
0.43301569446923016
0.43936866365528826
0.4457951591689812
0.4525246152529748
0.45930666136889464
0.465367871032305
0.4712977655266563
0.4769277577954289
0.48256788974459497
0.4881119400655713
0.493239560608506
0.49837277063125657
0.5030165423793317
0.5076250921636559
0.511817272993597
0.516047808900272
0.5199569260298947
