0.33732242748255725
0.3412907267219726
0.3479938801080706
0.3586063511650853
0.3671069286330296
0.37564360902274946
0.3828449670275235
0.3913928175494731
0.39867998414492256
0.4062369098296403
0.41438684537111103
0.4226799751016952
0.4294314404225169
0.43686735534166826
0.4438593617313466
0.45068926244482443
0.45669624308047024
0.463613296838915
0.469179371670847
0.4754827237201914
0.481007853636843
0.48642186963342615
0.49150577517680505
0.4969244698729295
0.5016497154187984
0.5059616197265479
0.5108484879066172
0.5154338228388273
0.519144424046697
0.5229067312278608
