0.3351134391010369
0.3380470966029849
0.34623853854905684
0.3565896493237425
0.3652939040449961
0.3739477132492705
0.3807744298290506
0.3893021660116826
0.39664291291039017
0.40417599406456217
0.4122952146156647
0.4197556091529396
0.42769468334350985
0.43510466921016805
0.4428180547560719
0.44962938966538896
0.455908467300984
0.4622557141325143
0.46816706758140514
0.47447331775659357
0.48001954709337624
0.4854414654882182
0.49042858005966555
0.49557329456886684
0.5006816395399042
0.5058258084220392
0.5100657883643154
0.5138620493556973
0.5176276340891486
0.5220237626564367
