0.3357238687393066
0.33980592149682676
0.3472529008577524
0.35551663421592633
0.36484387959742093
0.37284711442275104
0.38168979160177857
0.3888698196789226
0.3967581319754635
0.40420781226726127
0.4115879028965075
0.42019084615908303
0.4278861803155029
0.43523716728334233
0.4422337529717758
0.44897420635511026
0.4552814702528544
0.46149700124222526
0.46745687986078055
0.47380051820256475
0.4794817252475701
0.48470068731187815
0.48978370817289424
0.49547319709841553
0.5005801813685572
0.5053344179855848
0.5097880826103335
0.5141594592394587
0.5183960823248708
0.5218622891023674
