0.3349067954417241
0.34059362651320124
0.34851053590491654
0.35649730136230107
0.36301492867596374
0.3714593723656789
0.37919554713420683
0.387316107303602
0.39391201632716866
0.40154063854495015
0.40906138506033457
0.41608595888681227
0.42381339512175115
0.4314236137056679
0.4384573665425014
0.44523527456382134
0.4516823435688058
0.4579154842959691
0.463533823870469
0.4701713626172749
0.47591638915427364
0.48069249916429035
0.48574681997330116
0.49055542241316447
0.49557228727212776
0.5004145457343048
0.5044887391432332
0.5092167151982843
0.5131358699841029
0.5169878139262911
