0.3453922696183167
0.34927368268824266
0.35626550933897305
0.3667546987670979
0.3769909828708816
0.3844438994455102
0.39212299161904374
0.40018623723972296
0.409517464747988
0.4172851966442665
0.42585896258694844
0.43390747989660483
0.4418600537567515
0.4478888758094064
0.455493440470834
0.4622132730250148
0.4682743593352456
0.47407520799856046
0.48025012740968714
0.485812503163547
0.4920116097266679
0.49712756777809713
0.5026263500835699
0.5074387434402237
0.5125482909947031
0.5176458368078172
0.5218156337481766
0.5261923971520187
0.5304325527063661
0.5349382619535813
