0.28805118443277383
0.28944980864577713
0.28985826488679994
0.2927059837516781
0.29816570362456063
0.3037387424892138
0.30960775134503027
0.31447373421525526
0.31897062893140166
0.3242611303698323
0.33075816411987136
0.33605559570432664
0.3412132498678775
0.34537626400929544
0.3503471779665245
0.35478996524504613
0.3598064483998216
0.36462515383320787
0.36923902597909414
0.37320280382721294
0.3769791819364328
0.3812049958496068
0.3851007382528686
0.38851558670490544
0.3924722148484347
0.39627209897995375
0.39937099781602015
0.40248904452474404
0.40576147361153364
0.4089499601247668
