0.32036392351297693
0.32015451363360714
0.32451697278831454
0.3321711062504288
0.33912089420289193
0.3458113390451834
0.3521686058815682
0.3607982685237887
0.3684915372033484
0.3771462783903706
0.3847600891307853
0.3917333557800651
0.3986878065190943
0.4056421135023277
0.413415416457892
0.420910874622472
0.42796229170569433
0.43432433456441405
0.4407813901957083
0.44678516865191914
0.45313847562752263
0.45823500904231074
0.46379233135561077
0.46918935803666045
0.47444260146905676
0.4794099050700891
0.4840642972410717
0.4891957826001028
0.49359470038178055
0.4979770877866992
