0.28701109597766594
0.2852081510423906
0.28720786176468216
0.2915417546981474
0.2961195187260757
0.3015257291979358
0.30662340988429465
0.31155419413428587
0.3167841963866762
0.32163710742108353
0.3271014845153357
0.3319171413635335
0.3368938225458693
0.34250575621799656
0.34718518388720054
0.3518813608137459
0.35640477427831113
0.3604461543230934
0.3649888195184113
0.3687697135010443
0.3728065623530416
0.3761746145546029
0.38022999225232695
0.3839477745173556
0.38756894525222657
0.39136439552475194
0.3950834182199678
0.3979989662620415
0.4011318770769061
0.4044912305392286
