0.2914942712792282
0.2916063892107615
0.29240196566713295
0.2975433207009334
0.3022155663464536
0.30747478810016665
0.31294063328181426
0.3197034242361088
0.32418178093802946
0.32955794046175146
0.3358488143734967
0.34146272987217563
0.34569678179372965
0.3513952138907978
0.3569749432110625
0.3616402520809389
0.3667377574516524
0.37210097617442106
0.3773241107827453
0.3817981731617764
0.3865057479649769
0.39014631453802096
0.3942212196002324
0.3977408638491007
0.4017058615155091
0.405547187303667
0.40930425381556285
0.41291658589547414
0.4160537531111201
0.41969844707044995
