0.3651853391434936
0.38909511973255273
0.4147573906444296
0.43947960689283655
0.46241529212564614
0.4819771363762781
0.49853101811823075
0.5121343529953403
0.5237791211334998
0.5358643354798985
0.5444018786960457
0.5535396675200719
0.560970102759992
0.5687955672582259
0.5746571279402531
0.5793420308533868
0.584269726833794
0.5886522759057898
0.5935217874693022
0.5963402885773251
0.6000207707166574
0.602659592949048
0.6053950464591825
0.6082835458868338
0.6106892920740021
0.6127029319400571
0.614949368321333
0.6170014687733416
0.6188055940069118
0.6203806368566448
