0.35866140192300544
0.37519466628777265
0.39303715111375187
0.40842999532282065
0.4252350326775093
0.43919418390632997
0.4534178113890521
0.46844113634357876
0.48087804082581337
0.4924079676220808
0.5024664961121531
0.5120548319695941
0.5208951093904441
0.5294112159876058
0.5364165920121677
0.5435214852065553
0.5504831392775035
0.5565851207099053
0.5617861905340538
0.5669717455706698
0.5725047762760636
0.5767582640479787
0.5815090399029086
0.5855067978271703
0.5896007772124672
0.5933372487143888
0.5966627290636136
0.5998833566435209
0.6026589535538838
0.6054305338066145
