0.34961440309550695
0.36090944407028924
0.3741499114284407
0.38614988949964457
0.39700308764678555
0.4100372945917939
0.42203453908536
0.43209686072045617
0.4431954342908692
0.4544753618568804
0.4640495437912863
0.47271939208590646
0.4817497595197504
0.48831980056822133
0.4964487156931253
0.5037798240118674
0.5100601584387162
0.517129582264577
0.5230652082820864
0.5284972592584786
0.53389423583864
0.539505730252418
0.54474184865734
0.5497822571885717
0.554134216011873
0.558052891148475
0.5622564043526969
0.566230311714196
0.569872662154685
0.5738017836757016
