0.4245544247272311
0.47217611404966914
0.5126664299360593
0.5422164049191925
0.5628103483044277
0.5790545220074629
0.5929647590768826
0.6035675125752473
0.6113115627704103
0.6170014638667909
0.6222491949066986
0.6273461769499766
0.6310728452137645
0.6343132593416784
0.637015905733358
0.6395534358235447
0.6416319954909029
0.6433266453759102
0.6449105519756126
0.6463308915096778
0.6477254168813243
0.6496030045111935
0.6508730733675535
0.6515069983616323
0.6524511181066696
0.6532020665578888
0.6538365858190756
0.6541023068449034
0.6545167008061574
0.6549316163096138
