0.3445962875834174
0.3498666929609132
0.35676738162665833
0.3683598061240481
0.3780216627819513
0.38597786117656513
0.3927915210163997
0.4022150887868827
0.41097167475980667
0.41949937000801346
0.4273689825707526
0.43481255741355684
0.44281901777902616
0.4498718515053404
0.4571246667124232
0.4641693108702731
0.46994512065299987
0.4755725377230938
0.48096676596466337
0.4868454837172806
0.49285651328365554
0.49869697326666007
0.5033541839184282
0.5081200046913071
0.5132541072106115
0.5179806443383034
0.5221806212881483
0.526692423563066
0.5310718102140493
0.5347935681712728
