0.3160266095988796
0.32350968166120697
0.3300770447178652
0.33736255671612797
0.34544338628244764
0.3526455089662886
0.3605308731985036
0.36676632488714195
0.37369918891849724
0.38160066825710626
0.3896396834974517
0.3976062125224841
0.4049419449159291
0.41278812637979995
0.42065606621633683
0.42709499668550327
0.43344624342063953
0.43912087561863056
0.4458358576693312
0.45102794690449827
0.4567349260665258
0.4624735698731938
0.4674925942046877
0.47196460568302306
0.47655869181174804
0.4809352739439321
0.48544552906817645
0.48998492641048774
0.49415631587459563
0.49842559487899857
